31104505 1557375896  3.0 0.0%
47717641 503582626993958912  200.0 0.0%
258491885 469065391675686913  197.0 98.4771573604%
455617978 503379732226785280  198.0 93.4343434343%
244901354 409022966920642560  198.0 73.7373737374%
15892011 502186434355552256  199.0 0.0%
512219629 503882974610210817  86.0 88.3720930233%
280607056 465017320445079552  195.0 93.8461538462%
768304274 493483829152071680  195.0 89.7435897436%
268456597 504250711945662464  200.0 64.5%
2260402537 504244923315388417  200.0 97.0%
18129528 504009317754757121  200.0 0.0%
98765275 504247705342717952  200.0 0.0%
1978251110 503932885133717504  117.0 0.0%
151011565 428611426010157056  200.0 0.0%
191685685 504068188775018496  199.0 0.0%
592279468 502837283616088064  195.0 99.4871794872%
523509463 503805055532023808  200.0 100.0%
1976030036 504024849648730112  185.0 75.6756756757%
412336434 263205372624527360  3.0 100.0%
380246680 504240880710995970  196.0 0.0%
137311722 501765950501552130  199.0 30.6532663317%
521580548 446942981904666624  199.0 84.9246231156%
90437274 504249855603376128  200.0 0.0%
518747098 420682640266919936  199.0 68.3417085427%
280288703 504102589009760257  200.0 14.5%
66744632 504209770367037440  199.0 93.9698492462%
1131183504 504106019098603520  193.0 96.8911917098%
207026848 504248501409435648  200.0 100.0%
245824095 504236007479205889  200.0 99.5%
550401944 503977898433212416  195.0 98.9743589744%
183523746 100546827916554240  198.0 95.4545454545%
49324939 502554774127255554  200.0 39.5%
145353566 504119297829240833  199.0 0.0%
40817865 504127499500912640  199.0 0.0%
292250188 495622435283030017  200.0 96.0%
217078361 504183820976132096  200.0 0.0%
1357883954 504249303867850752  200.0 98.5%
240265305 504247853095854080  200.0 0.0%
298728967 73348052609536000  38.0 94.7368421053%
252295592 74087480328077312  39.0 0.0%
657863 503932844754755585  200.0 0.0%
184605305 504187460071731203  200.0 97.5%
1542759038 504209493345845248  200.0 6.5%
2568787776 504212013372170240  200.0 100.0%
114340125 500261387965566976  200.0 0.0%
51515565 504141547416600576  200.0 0.0%
20900918 503975368458788865  199.0 0.0%
119897487 504236708313849856  199.0 0.0%
22381036 502810797895331840  200.0 1.0%
201352564 503614582179790849  200.0 0.0%
297822695 237518441693720576  200.0 96.0%
341410751 503943694001909760  200.0 99.0%
245831790 496313343225765889  196.0 91.3265306122%
268482659 503257144960245761  198.0 91.9191919192%
192368939 503634690251563008  200.0 44.0%
1036181029 288411977137651712  107.0 97.1962616822%
317714967 296064381958107139  197.0 99.4923857868%
320790115 389714457561030657  27.0 14.8148148148%
1612760718 501015290415575040  116.0 100.0%
710475523 495826865794195456  196.0 93.8775510204%
36163202 504027932680269824  200.0 0.0%
244572244 103156110801903616  35.0 94.2857142857%
1579778305 442267039185764352  191.0 0.0%
37666708 503984494810910720  200.0 0.0%
263016008 502080875677241344  199.0 99.4974874372%
32024807 472644699874795520  200.0 81.5%
486508344 503784566029819904  200.0 86.0%
2479035774 501834068867026944  91.0 0.0%
204310641 504226770271621121  200.0 0.0%
275454246 465444194849280001  200.0 100.0%
277797694 504158876619399168  197.0 92.385786802%
53430211 504251900385316864  200.0 0.0%
244051247 493051458032381953  199.0 98.4924623116%
110793297 504204216089735170  198.0 0.0%
930635436 487384569323081729  166.0 97.5903614458%
31238518 503673146000437248  200.0 0.0%
472275564 504221934125842433  200.0 46.5%
292176020 503205679638011904  195.0 98.9743589744%
35936474 503955112252149760  200.0 0.0%
718921671 395308440295596032  6.0 100.0%
6601682 504197434604785664  200.0 1.0%
138506349 504212111804084224  200.0 97.5%
346084790 497115363209801728  190.0 97.8947368421%
222088614 497465314494652416  200.0 0.0%
386092837 504182523594014721  200.0 97.5%
1156229712 459346321523351552  195.0 85.1282051282%
478851039 1  0.0 0.0%
210929988 496295806375563264  198.0 72.2222222222%
168743382 503884046162993152  199.0 87.4371859296%
67423431 504029904745549825  200.0 4.5%
2692726068 504062632756670464  186.0 95.6989247312%
2259101023 448812275386695681  125.0 0.0%
281704049 504247548778131456  200.0 99.5%
363774480 504243874114449408  200.0 0.5%
318842156 503914867015708673  198.0 96.4646464646%
81133026 504239685699248128  200.0 0.0%
347185435 503962228249612288  198.0 92.4242424242%
788785952 504229534544056320  195.0 97.4358974359%
229742639 277026152927879168  191.0 85.3403141361%
38956977 503966964470272000  199.0 60.3015075377%
96778437 483902477696528384  52.0 0.0%
152053919 407217970495356928  180.0 4.44444444444%
68535780 496285764578050048  43.0 95.3488372093%
58792228 492259852409126912  200.0 0.0%
1277643278 504191369674756096  199.0 96.4824120603%
758151464 367141261628960768  184.0 61.4130434783%
700888938 504080406971297792  193.0 74.6113989637%
122661493 497756276219457538  70.0 0.0%
2463188832 504239825671565313  200.0 93.5%
30651527 486855926108786688  191.0 40.3141361257%
245292814 498109334791135233  199.0 80.9045226131%
81843223 504237055509938177  200.0 0.0%
349280219 504137377669861376  197.0 97.461928934%
243276971 503898102256762880  200.0 0.0%
142448536 503852425183506433  200.0 97.5%
337276619 503444030424760320  41.0 80.487804878%
541046096 501036202695618560  32.0 50.0%
331566602 495669857958916096  108.0 97.2222222222%
499859739 503659824320495616  199.0 95.9798994975%
209202416 501768377937829888  200.0 0.0%
36970932 490152429363527680  197.0 0.0%
360680723 465802643487854592  4.0 0.0%
314653890 320131023599968256  195.0 71.7948717949%
517329794 339298945819869184  3.0 0.0%
2384187461 461152669550514176  197.0 93.9086294416%
133929829 504135023571001344  199.0 0.0%
111264398 21279316489  200.0 0.0%
210927725 317722489323151361  197.0 0.0%
412324110 504233601257324545  198.0 46.4646464646%
744021841 456715801836670976  191.0 97.9057591623%
965714906 503222869417922562  200.0 96.0%
632083344 504246296790581249  199.0 95.9798994975%
370022817 504016728162983937  200.0 93.0%
263205029 387500369984888832  180.0 96.1111111111%
865042819 363720205480251392  192.0 97.3958333333%
260932006 504071449091395585  200.0 78.5%
14875286 503917433543880704  200.0 0.0%
98633285 504225354849210368  200.0 0.0%
980777983 504029575551418368  200.0 0.0%
253581825 503597116019597312  198.0 57.5757575758%
270813252 133945999214383105  13.0 84.6153846154%
536400400 337317335432040451  25.0 0.0%
14702382 501383757421871104  200.0 0.5%
7289382 502877200706973696  199.0 0.0%
225357031 503850109369470976  94.0 97.8723404255%
1241081438 501359123108085760  46.0 15.2173913043%
71675823 504221926378971136  200.0 31.5%
306364985 492275279759282177  197.0 95.4314720812%
227626917 504252449746464768  200.0 0.0%
893895012 498948108567322625  25.0 76.0%
968479112 503714122249551872  200.0 92.5%
1669266632 503499357715320833  199.0 98.4924623116%
529884546 1  0.0 0.0%
186633173 10146476839669760  137.0 0.0%
1612404902 502448528049045504  200.0 0.0%
450632354 504124577421590528  199.0 87.4371859296%
249792919 475544160229810176  171.0 88.3040935673%
228102795 504244572621254656  195.0 90.7692307692%
256018040 213119573795405826  111.0 0.0%
153516930 498936393851502593  200.0 8.0%
1968844255 492254497063059457  74.0 0.0%
39096612 477877077950353408  192.0 97.9166666667%
421220317 498602963573960705  198.0 97.4747474747%
401609750 504069638053830656  200.0 96.0%
245353570 504250156171427840  200.0 0.0%
2372642927 482288244067807234  199.0 85.9296482412%
366622118 503978803874787328  196.0 0.0%
375645088 502757193595486208  194.0 0.0%
378015672 504056884223938561  199.0 0.0%
326499526 503209726885101568  195.0 95.3846153846%
23453939 504238974114992130  200.0 0.0%
1853740939 504248256357236736  200.0 0.0%
487774440 504251073398206464  199.0 98.9949748744%
291012456 504232450583580673  200.0 97.0%
101889708 504254278056542208  200.0 0.0%
17864511 504202670908121088  200.0 0.0%
1960292274 444539524572803072  10.0 70.0%
277748599 455604232969023488  185.0 92.972972973%
350068133 504033176537542656  189.0 93.1216931217%
2665072302 496003616562348032  200.0 86.0%
243858419 504206801269567489  200.0 97.5%
21388225 504143497629536256  200.0 0.0%
41515574 2023569521  10.0 0.0%
17160680 503957098188001280  200.0 0.0%
2264131756 496488081269063681  173.0 100.0%
1588357591 500339167897726977  200.0 99.5%
231394947 497331003816284160  199.0 87.4371859296%
258711973 504211239422013441  198.0 83.8383838384%
470995524 504251984527249409  60.0 0.0%
25959629 497032708934348800  200.0 0.0%
150489017 504104229938929664  200.0 91.5%
309433695 503948496475398144  198.0 98.4848484848%
1400528713 1  0.0 0.0%
2447817304 502740001595985920  70.0 91.4285714286%
169757847 503951351991533568  199.0 0.0%
483767733 504160400338731008  191.0 98.9528795812%
45543154 490860114752983041  200.0 0.0%
289529610 493656293190561792  200.0 100.0%
2175865940 1  0.0 0.0%
53008384 504254043880165378  200.0 0.0%
459440674 503950963091070976  199.0 98.4924623116%
367931559 504219714583662593  199.0 99.4974874372%
417164964 502050752982827011  194.0 95.8762886598%
402155622 504251821196869632  199.0 0.0%
158487331 504008289886437378  200.0 0.0%
2490333774 504244891757461504  200.0 97.0%
250145614 499866833621893120  195.0 46.6666666667%
439371302 503492160046366721  200.0 100.0%
86084501 496669868515536896  10.0 0.0%
10306102 503914795767447552  200.0 0.0%
153762146 493024326195499009  199.0 0.0%
46394470 504031997963284481  199.0 0.0%
14791162 504240645452476417  200.0 0.0%
279050584 504220751403048961  200.0 0.0%
246666645 491568945598431232  200.0 99.5%
117995967 504061307101130752  200.0 0.0%
91211580 504024094770483200  198.0 91.9191919192%
266041387 504234901026000896  199.0 100.0%
2506791603 504234848735985664  193.0 91.7098445596%
256117201 504165722827005952  199.0 0.0%
202275874 450894620172759040  64.0 87.5%
21178491 502792247507943424  199.0 0.0%
405632995 477510260760911872  21.0 71.4285714286%
130246270 500904241410875392  200.0 46.0%
359720724 342069916645597184  199.0 97.4874371859%
112716139 504213235932078080  199.0 0.0%
17536850 504252061824069632  200.0 0.0%
217858372 504247021226950657  200.0 0.0%
2356425748 504197922859151360  198.0 93.9393939394%
265338325 504172350024085504  198.0 94.9494949495%
55032084 500020727362625537  200.0 70.5%
381533561 503916659397394432  195.0 0.0%
222887771 503460051776835584  199.0 0.0%
524861971 504252698431352833  193.0 100.0%
384951307 504250824663769088  200.0 0.0%
234774240 503228420231548928  199.0 83.4170854271%
237062512 503977186916040704  200.0 100.0%
29300560 504043578608615426  199.0 0.0%
1696737108 504253827877711872  200.0 100.0%
520017991 442803073996832768  181.0 19.3370165746%
30761867 504050756702334976  200.0 37.5%
60602244 484906550557810689  200.0 0.0%
180531059 501387385171890177  200.0 0.0%
1697481955 406171854517596160  11.0 100.0%
66862946 3459739926  1.0 0.0%
238966474 45475031400198144  129.0 100.0%
27855118 504255859740774400  200.0 0.0%
579169019 503980470560763905  199.0 70.8542713568%
101301107 504220771737022464  200.0 89.5%
19718395 9501777858666496  144.0 0.0%
84710767 411894207390154752  200.0 0.0%
1540681730 450250062632075264  2.0 100.0%
287125649 503099445546737664  197.0 98.9847715736%
367019022 504241345427275777  200.0 93.0%
327656352 159957132131835904  14.0 0.0%
353418896 504197187509968896  198.0 90.404040404%
409850228 501363875837911040  199.0 56.783919598%
2667671443 504237916214685697  200.0 93.0%
185609004 485071054495166465  200.0 0.0%
613908233 503665806194913280  200.0 0.0%
73635356 504249178734600193  200.0 0.0%
345915795 504234888497602560  198.0 96.4646464646%
14335054 503963966021050368  200.0 0.0%
121184412 491654711419092992  198.0 0.0%
1197097921 479058231847694336  29.0 100.0%
105852540 504239753936371712  200.0 97.5%
176934151 144182094199918592  171.0 97.0760233918%
264910009 504148679482023936  198.0 91.4141414141%
409559319 504255718082760707  200.0 100.0%
197904937 503564102963187712  200.0 78.5%
246958242 504038945337143296  200.0 68.5%
107035188 504178184107982848  200.0 0.0%
1042945104 504141432890740738  199.0 98.4924623116%
274573247 504080538156953600  199.0 91.959798995%
263799096 139886297060880384  55.0 92.7272727273%
334885249 498408421196980224  199.0 95.4773869347%
14323467 504023000480751616  199.0 0.0%
178548044 502955814827872257  96.0 16.6666666667%
298400550 278221296972750849  199.0 95.4773869347%
2724141767 494252162248372224  15.0 0.0%
450463957 504158360820649984  200.0 79.5%
376723734 504253440441483264  199.0 100.0%
80308312 504235165967998978  200.0 0.0%
861603151 503974744270860288  200.0 0.0%
474001910 481329448189304832  70.0 91.4285714286%
292463152 489856838284763136  107.0 85.9813084112%
25208788 2207968762269696  20.0 0.0%
941640595 1  0.0 0.0%
99359011 84994313142013952  174.0 39.0804597701%
385004789 504159087114723329  200.0 100.0%
1617620299 502571103387410432  198.0 97.4747474747%
154841051 9342745978081281  200.0 0.0%
16937083 504005962559016960  200.0 0.0%
348399706 504186725833244672  200.0 72.0%
65423433 499556218495438850  197.0 94.4162436548%
15154202 498700825653694465  198.0 0.0%
366066656 504194525711966208  199.0 82.4120603015%
264743832 504231263394209794  199.0 94.9748743719%
465783540 504249049424609280  200.0 100.0%
234073761 500473051796869124  199.0 94.472361809%
278933669 504178967650512896  200.0 0.0%
36028791 502228563769446400  200.0 99.5%
319032031 504047212868153345  195.0 2.5641025641%
435396884 503806866414403584  195.0 0.0%
6261222 504256274553651202  197.0 0.0%
87166450 428972489964666880  198.0 0.0%
1032458418 503271277629812737  200.0 98.0%
70202211 496914283876192256  198.0 73.2323232323%
176051774 498979033443360768  179.0 97.7653631285%
431741526 503172359298498560  200.0 0.0%
2567656712 503799822961627136  79.0 0.0%
36102190 504219059987443714  199.0 1.00502512563%
819861703 285837462515879936  200.0 98.0%
69068372 504209757142810624  200.0 0.0%
970923458 373903971326623745  24.0 50.0%
141192016 497042917823750144  200.0 97.0%
269445754 466265072868679680  83.0 92.7710843373%
18611748 502546990610530305  200.0 0.5%
149137525 503647378524479488  198.0 93.9393939394%
366259520 453647987260915712  39.0 51.2820512821%
320066301 504186469221945344  200.0 97.5%
52507797 399459591236648960  199.0 0.0%
177416202 504044644595142656  200.0 2.5%
247735323 404176244746752000  200.0 88.0%
2379292352 502204695704637440  29.0 89.6551724138%
195647692 504164028483002368  191.0 99.4764397906%
50288166 499218965248618496  196.0 28.5714285714%
16256133 314453720496762880  19.0 0.0%
280938896 504246001541324800  200.0 74.0%
94228561 504182534498820096  200.0 0.0%
239419805 497302986172149760  193.0 0.0%
42184065 502902502707445760  200.0 0.0%
96308025 444473084071116800  200.0 0.0%
12212482 492065684231188480  198.0 0.0%
417161448 490805639585615872  24.0 0.0%
417681108 462504391531315200  196.0 91.3265306122%
227388900 473705098820874240  197.0 91.8781725888%
130268537 504210659517939712  200.0 84.5%
701537893 450033254775934978  19.0 0.0%
123532333 502929267416915969  196.0 0.0%
2343393864 502017179882389504  200.0 0.0%
22429209 504083163296333824  200.0 0.0%
244801528 495765591723364353  198.0 0.0%
167177441 504171840051220480  200.0 92.0%
584547122 501328821841174531  194.0 100.0%
21745013 503909264675835904  200.0 51.0%
230262710 503486254894153728  197.0 91.3705583756%
35820524 494037059657424897  200.0 0.0%
19148708 504225865719615488  200.0 0.0%
486818139 503288813678891008  200.0 99.0%
457659435 504217182960513024  196.0 98.4693877551%
328847011 482967213763092480  200.0 100.0%
249323539 502693903955288065  199.0 37.6884422111%
84071601 504182721145360384  200.0 0.0%
371343037 449863334071107584  195.0 100.0%
256677745 503958399756025857  199.0 69.3467336683%
339211149 167333280729935872  197.0 100.0%
183926590 504227958782169090  200.0 100.0%
48844369 504258064737116161  200.0 93.0%
246869711 502758972537860096  199.0 93.4673366834%
707519833 436165684939472896  183.0 98.9071038251%
37027274 504258104578420736  200.0 0.0%
184163740 504070661929578496  190.0 96.8421052632%
7234182 456774594892800000  5.0 0.0%
230452268 89808854136799232  18.0 44.4444444444%
301551863 504249549075267584  200.0 91.5%
2468411344 457658034974896128  4.0 100.0%
98919044 500597573501997056  196.0 93.8775510204%
15192379 503989517700038657  200.0 0.0%
268767989 502922155051339777  200.0 96.0%
27476141 501021928304676865  200.0 0.0%
1129007947 496341428260200448  188.0 93.085106383%
8528852 504160549332983808  200.0 0.0%
262355761 504229778665525248  199.0 97.4874371859%
497945375 475574859641016322  197.0 96.9543147208%
901984478 504114051610181634  200.0 99.0%
257226492 503935063193444352  197.0 97.461928934%
71687791 504234636521005056  200.0 0.0%
2177280639 403039187475369984  6.0 83.3333333333%
890794800 504217411214909440  200.0 40.5%
23455553 504239631068831744  200.0 0.0%
422841653 502638837198512129  196.0 81.1224489796%
369451320 376755156920307713  192.0 66.1458333333%
302002703 504227116612067328  200.0 100.0%
40662631 504215213093040128  198.0 0.0%
126046548 12594713744  10.0 0.0%
920875627 481396858640551938  198.0 95.9595959596%
20642650 504128160573972480  195.0 0.0%
522483542 494552462578421760  194.0 0.0%
338883310 492067835917897730  200.0 0.0%
19736694 504040485770391552  200.0 0.0%
2197641 502741609834770432  200.0 89.5%
509456288 504254945093484544  200.0 100.0%
189891273 504227427619717120  200.0 0.0%
2673898616 504259173132300288  200.0 85.0%
25714160 504244031711641600  200.0 0.0%
44955168 474889339965419520  200.0 0.0%
18389916 503656860550197248  200.0 0.0%
1250533435 496627644738195456  190.0 98.9473684211%
374659318 503763977650704384  198.0 5.05050505051%
255454624 468649035268505602  150.0 0.0%
401489369 451464844764794880  199.0 99.4974874372%
19383219 496797782406332418  200.0 0.0%
243800148 496968777141993473  195.0 95.8974358974%
357299334 503780116363632641  194.0 96.3917525773%
280738493 123560136492072962  200.0 91.0%
91198064 493451913724059650  198.0 5.05050505051%
305629310 496370813256212480  187.0 96.256684492%
137429259 252824379073888256  200.0 0.0%
63915720 493464623299825664  200.0 0.0%
1695160664 460101136574205952  195.0 96.9230769231%
30770297 504053616097763328  200.0 98.5%
16581126 504180733519605761  200.0 0.0%
42892285 503997263728111617  200.0 0.0%
636015845 254525369904951296  166.0 100.0%
290202567 504144571123527680  199.0 26.6331658291%
2475784149 504172591959900160  36.0 91.6666666667%
964579285 1  0.0 0.0%
465107812 503454512959733760  200.0 5.5%
433622276 471043295200550912  193.0 95.3367875648%
279546155 471228529116336128  180.0 98.3333333333%
324564613 504257753758855169  200.0 0.0%
254620838 400539081777885184  12.0 16.6666666667%
2216614570 504084984458522624  198.0 96.4646464646%
573366529 501114188530724865  199.0 0.0%
512111564 504252968795766785  200.0 0.0%
1260060847 319194330038403073  196.0 58.6734693878%
336478618 504044126476980225  200.0 0.0%
901567459 439840386870435840  97.0 8.24742268041%
141173695 504073160753287168  195.0 97.9487179487%
286381412 500651341920759810  194.0 92.2680412371%
94188479 504258944055787521  200.0 0.0%
2485219880 481422616767365121  17.0 94.1176470588%
2435630270 504245667209150464  200.0 0.0%
67663159 413596597147435008  74.0 0.0%
843213780 502433433348345857  199.0 0.0%
18349074 417042071677964288  196.0 0.0%
239869751 396674034336686081  7.0 28.5714285714%
73713696 264420147194892290  200.0 0.0%
1043298906 504059709419028480  195.0 83.5897435897%
62106835 503882258525474816  200.0 79.5%
208639301 496222661975216128  200.0 0.0%
291239366 501670077985738752  198.0 91.9191919192%
255523638 504234950343000064  200.0 76.0%
1555297153 503456585167806466  197.0 94.923857868%
237201759 493842494245711872  193.0 99.481865285%
416846639 413689554806525953  197.0 88.3248730964%
99700580 502660926600798208  19.0 100.0%
917935314 407980510233649152  190.0 99.4736842105%
510249898 503660070958534656  199.0 0.0%
367653337 499075423855058944  109.0 66.0550458716%
324816183 180575403893727232  200.0 0.0%
972444805 502910336102846464  197.0 0.0%
2184070021 1  0.0 0.0%
35368324 504111482909765633  199.0 0.0%
50038559 503195184528506881  128.0 92.96875%
298138957 503950798553096192  195.0 97.9487179487%
596988005 439010837827973120  199.0 88.4422110553%
200118449 503988171651047424  200.0 16.5%
551540794 503676229409452032  200.0 0.0%
235854983 504123117271142400  199.0 78.391959799%
585219181 498454650476306433  200.0 0.0%
273357060 223160494897377282  60.0 58.3333333333%
48661123 378183369239953408  131.0 0.0%
409952171 503893327649841153  200.0 79.0%
709376900 504202834729246720  200.0 0.0%
15106417 504207723001815040  198.0 0.0%
15106418 503549632098877441  198.0 1.51515151515%
600874028 414711282613624832  41.0 87.8048780488%
138848141 502173923815854080  199.0 0.0%
137763376 462912657948168192  4.0 0.0%
2230038672 504227221901287424  198.0 90.9090909091%
262695535 322789572591353857  196.0 0.0%
128211203 504038192723804161  196.0 0.0%
130003033 405785641834655745  9.0 44.4444444444%
781044084 466002000266547200  192.0 0.0%
245101372 494097112557043713  196.0 94.8979591837%
362583483 161035169636155393  124.0 0.0%
1213949209 500273296491806720  192.0 97.9166666667%
64391809 502080376886820864  200.0 0.0%
213841183 86165566229979136  25.0 88.0%
507579616 497725235035004930  53.0 0.0%
352798269 503949798592888833  197.0 96.4467005076%
304679484 504127559982792704  200.0 0.0%
1162879921 497678687719161856  140.0 5.0%
251822338 384167880087986176  184.0 77.1739130435%
49003176 504260514591948800  199.0 95.9798994975%
491168023 456490563907227648  193.0 95.3367875648%
703590672 504006682750775296  199.0 34.6733668342%
705012209 503923516232564738  199.0 89.4472361809%
1030946966 496333679065436160  111.0 95.4954954955%
108556027 504157639874732032  200.0 0.0%
231182140 196024984404107265  200.0 92.5%
247393443 503255208257126400  200.0 34.5%
633117073 375830306646810626  3.0 0.0%
449190459 304666051021508608  18.0 77.7777777778%
40907608 503952508826316800  195.0 70.2564102564%
327238206 504233604348932096  198.0 99.4949494949%
368899672 504236588675895297  200.0 99.0%
195885231 502977713251291136  197.0 0.0%
145648706 504247538086846464  200.0 0.0%
156314343 338721665544511489  181.0 59.6685082873%
1505991602 501589966929920000  200.0 98.5%
512502990 233041013785100288  186.0 98.9247311828%
24829782 486451329531781121  200.0 0.0%
257951007 500612273954504704  198.0 91.9191919192%
1441447303 1  0.0 0.0%
232670850 504066189078040576  199.0 94.472361809%
403950757 503960627770322944  200.0 91.0%
261676495 473721202276843520  199.0 0.0%
447421577 250937563450335232  4.0 50.0%
142318700 503911847213678592  200.0 0.0%
298577246 503621400402219009  197.0 100.0%
1019720582 502055421814005761  200.0 0.0%
31289296 504095772326232066  199.0 0.0%
158796620 504020318777008128  185.0 55.1351351351%
290155092 411976368822693888  200.0 96.0%
253688829 459439167815315456  199.0 100.0%
250189836 504259362882584576  197.0 98.9847715736%
18936354 503760136973082628  200.0 0.0%
257700344 491233774353776640  200.0 93.5%
33470410 334898670199767040  200.0 0.0%
1278706482 319484922169548800  50.0 100.0%
57047295 461175599655301120  195.0 64.1025641026%
310422225 500251906518708225  190.0 100.0%
2455330608 1  0.0 0.0%
288833179 502214647488217088  200.0 99.5%
73290556 504246845795614721  200.0 10.5%
407833284 504117493716516864  200.0 0.0%
81502941 504134855803035648  200.0 0.0%
240700370 503622642121732096  199.0 98.4924623116%
1030935457 286956789453447168  165.0 96.9696969697%
1249277274 462134741819740160  32.0 0.0%
100292002 504054871142981634  200.0 0.0%
27385146 503985624182165506  200.0 0.0%
368055505 504205389429096449  200.0 0.0%
259001140 503909471932776450  194.0 35.0515463918%
957574057 504192354798931968  200.0 100.0%
1680990888 503831420511346688  198.0 97.4747474747%
325505065 502486313317433344  200.0 0.0%
155260313 503939815231197185  200.0 29.5%
397215247 503932413303877632  195.0 99.4871794872%
433193556 504223518150889472  198.0 93.4343434343%
1484948172 504181729850978304  200.0 0.0%
13581702 504212830623502336  200.0 0.0%
16297426 504210625497956353  199.0 0.0%
240729286 503678652282712064  200.0 0.0%
114580553 502751278829551617  195.0 69.7435897436%
345452899 504189944328253440  199.0 98.4924623116%
41641110 504132259382054912  200.0 0.0%
251821810 499499633937117184  199.0 92.9648241206%
587721965 504127024256921600  200.0 99.5%
1538731735 502481339501649920  166.0 6.02409638554%
286541551 504173315573817345  200.0 96.0%
17582355 503965041335357440  200.0 0.0%
99581734 504175988071481344  39.0 0.0%
844772232 392194453865103360  1.0 100.0%
243280791 495905357978275840  200.0 99.0%
571804625 504257790978711552  200.0 97.5%
214456192 482117861088165888  198.0 38.3838383838%
272649615 501767062411571201  200.0 98.5%
160420065 206095240073981954  200.0 96.5%
312339238 500580957485678592  195.0 99.4871794872%
936359016 1  0.0 0.0%
361840975 363408889964142592  200.0 0.5%
68234101 453611585848619008  200.0 0.0%
250274603 504085764678762496  199.0 100.0%
565674048 288533786482835457  172.0 98.2558139535%
375951283 502186220235927552  198.0 78.7878787879%
535823436 429695382604750849  90.0 100.0%
36624467 504238549794041857  200.0 0.0%
492949851 266094357835313152  196.0 0.0%
31364308 503154135999340545  198.0 95.4545454545%
27676383 504260049129455616  200.0 0.0%
736845883 500414854662868992  193.0 98.9637305699%
939549600 1  0.0 0.0%
120129682 218847214636761088  199.0 0.0%
10078 502317606762979331  200.0 0.0%
397973654 499273405955571713  199.0 0.0%
210394510 408635356263636992  200.0 0.0%
1688877866 503281786516799488  194.0 83.5051546392%
90254237 222113985653252096  199.0 0.0%
494930573 504263333940563968  200.0 0.0%
2391494098 1  0.0 0.0%
76046896 503331803898191872  36.0 80.5555555556%
15542781 504262148819001345  200.0 0.0%
67079365 259166657614848001  198.0 0.0%
171455108 396674350302384128  9.0 88.8888888889%
181985427 504030022437703680  198.0 0.505050505051%
382325999 299982958566203392  198.0 100.0%
2222188166 504250364552822784  200.0 0.0%
1711568084 453683222279249920  200.0 100.0%
223192639 340776000801611776  200.0 81.0%
344904759 504254046383788032  199.0 97.9899497487%
292701683 499334245186150400  200.0 63.5%
267461011 502246099629785088  200.0 0.0%
1557760657 500968518347919360  43.0 0.0%
513450238 503183631595352064  196.0 89.7959183673%
300690976 500398503567179776  191.0 89.5287958115%
95049951 497416910519025664  184.0 86.4130434783%
378471291 504258448167800833  199.0 4.52261306533%
18918827 290120818577522689  200.0 0.0%
19771382 504163529088172033  200.0 0.0%
166124181 504254783377899520  200.0 0.0%
135206146 504257888072634368  198.0 18.1818181818%
396671879 223818365813272576  197.0 97.461928934%
456077830 504226992812617729  198.0 100.0%
10681662 504257849602490368  200.0 0.0%
15377115 504247238487314432  200.0 0.0%
1068952136 494973947138428929  199.0 98.9949748744%
34618912 499438225313001472  200.0 0.0%
14920747 500039489247408128  200.0 0.0%
20403996 504230886486081536  200.0 0.0%
269300776 90440223753912321  95.0 91.5789473684%
173039123 368621736675139585  179.0 0.0%
327444664 503766432216543232  199.0 0.0%
19271583 496573295609671680  200.0 0.0%
508793172 275027477028540416  168.0 0.0%
56196963 496862733355450368  200.0 0.0%
169221712 503995436491743232  199.0 99.4974874372%
120187094 420160749432893440  200.0 0.0%
1924173318 500457174565277696  150.0 85.3333333333%
245470393 503979181974102016  199.0 0.0%
243114432 504258684256387074  200.0 0.0%
428541556 499202224916942849  198.0 98.9898989899%
39369840 503911049876492288  200.0 0.0%
1212028046 504208434976145408  191.0 94.7643979058%
300864304 504163041353932800  199.0 0.0%
237522713 501522767175364610  198.0 92.9292929293%
473150400 504098635856871424  200.0 97.0%
203280040 504129451349659648  198.0 81.3131313131%
1561666453 390256663199883264  89.0 98.8764044944%
49430159 337277897465282560  188.0 38.2978723404%
260791916 43708441742684160  1.0 0.0%
245410007 504260486045528064  199.0 98.9949748744%
230463112 503980809834201088  199.0 89.4472361809%
275472817 504231661744029696  200.0 100.0%
469294958 504207411159113728  199.0 98.4924623116%
254909174 397973962417635328  116.0 49.1379310345%
18037594 504164165087674368  200.0 0.0%
170284468 504206968219635713  200.0 47.0%
2176290657 504029000167989249  199.0 80.9045226131%
31139786 500576091816624128  197.0 72.0812182741%
278738234 503921463775461376  200.0 6.0%
626482786 502118796354547712  57.0 1.75438596491%
212958120 89801842980175873  200.0 0.0%
127244407 495241085711446016  200.0 0.0%
2218856540 413345724688912384  199.0 100.0%
408699163 504228923249807361  200.0 0.0%
1425774170 504260756008099842  200.0 0.0%
191978350 486176974931382272  46.0 76.0869565217%
309296874 504254036158459904  200.0 85.0%
272500447 504236037065814017  199.0 90.4522613065%
291683518 504159471656923136  200.0 67.5%
250843319 504096182571134976  200.0 0.0%
1126887589 490119937244278784  107.0 0.0%
1863862028 380400386492071937  4.0 0.0%
1099129800 504247738645893120  200.0 97.0%
446525289 503814981830184960  200.0 83.5%
368270500 503707663122038785  200.0 0.0%
145139568 503325920078221312  189.0 94.1798941799%
306358681 504264057159827458  194.0 96.9072164948%
2336898690 464869170559995904  12.0 100.0%
259876316 504085213908316161  200.0 0.0%
1875819282 461415614691950592  195.0 95.3846153846%
450756187 492525833840369664  197.0 77.1573604061%
2174147654 503955298759872512  200.0 22.0%
547577118 503359555615866880  199.0 92.4623115578%
606348197 503826779245916160  200.0 0.0%
98451678 415432712179421184  199.0 97.4874371859%
242491581 504200567581704193  200.0 75.5%
248420502 503689295438163968  200.0 98.5%
21397043 504186450666332161  199.0 0.0%
256369038 504234764472029184  200.0 100.0%
271883222 1  0.0 0.0%
362087311 504259314668666881  199.0 11.5577889447%
233380347 504072205018619904  200.0 100.0%
34648962 504242618566717440  199.0 0.0%
1332860246 380462007889432576  39.0 97.4358974359%
183107774 503571407087730688  198.0 0.0%
1488283176 502943106044403712  59.0 98.3050847458%
499874626 452682798898626560  196.0 97.9591836735%
718886641 459097380454162432  109.0 98.1651376147%
306353300 455103901088247808  200.0 0.0%
244532527 490313113732788224  198.0 94.9494949495%
162581795 504004847482306560  200.0 0.0%
948761922 354999570066976768  42.0 92.8571428571%
573235323 208505826531475458  6.0 66.6666666667%
338522267 502765837770440704  196.0 77.0408163265%
2266246915 504106290696966144  199.0 100.0%
456817249 504118669874446336  200.0 94.0%
454067285 503351865304576000  191.0 98.4293193717%
129301758 500563443754500097  199.0 87.9396984925%
622949332 504210604950040576  198.0 87.3737373737%
305547365 461181063466057728  200.0 100.0%
81641947 504160602218958848  200.0 21.0%
108269378 502461504277336064  200.0 0.0%
2506611686 475299087294554112  60.0 98.3333333333%
364950930 504261736560472064  199.0 94.472361809%
210997996 504191099393830913  197.0 94.4162436548%
823133964 504252325230170112  200.0 0.0%
902101824 504264074126188544  200.0 0.0%
19060272 503806705562419200  200.0 0.0%
422414494 504249390869909504  198.0 95.9595959596%
255418801 504030220253691906  200.0 98.5%
2493040678 503705181163233280  196.0 88.7755102041%
814759148 501299306389704704  10.0 0.0%
513848158 463291227778338816  192.0 91.1458333333%
826009050 504158886929367040  200.0 99.0%
1452400093 491034184354234368  196.0 67.8571428571%
109938861 504165570074251265  199.0 23.6180904523%
247497365 503719166390448128  197.0 98.9847715736%
1354799412 474542412803477504  106.0 88.679245283%
434088156 208948811920445441  2.0 0.0%
228254928 501008289040437248  195.0 97.4358974359%
935939150 504025109015691264  200.0 99.5%
31928507 504022830712111104  200.0 0.0%
422768939 167774809319682048  191.0 93.7172774869%
510305452 450245043291701248  200.0 97.0%
252676034 504117671273959425  199.0 95.4773869347%
309770633 500296934067015683  198.0 92.9292929293%
594702947 210108970055122946  55.0 0.0%
345589299 501431148015136768  72.0 81.9444444444%
272837389 504214518822486016  200.0 83.0%
558878265 504220078934474752  200.0 0.0%
1686176138 504254769829928960  200.0 98.5%
100194927 498973427026231296  103.0 2.91262135922%
404718108 135510911912910848  59.0 0.0%
213610308 502824242925158400  199.0 0.0%
34724379 501678251853348864  200.0 90.5%
322023951 296921129099067392  78.0 94.8717948718%
18174145 323015801365987328  188.0 0.0%
494415264 503883095373008896  200.0 82.5%
489812735 305098661401096193  1.0 100.0%
1321414220 504065714076938240  191.0 96.8586387435%
544336939 504177744096542720  200.0 0.0%
1101369110 503974824105213952  199.0 0.0%
149844616 502753734628478976  200.0 1.5%
203500414 453517313925345280  93.0 0.0%
489487823 503740443230998528  9.0 11.1111111111%
219284268 503210690547818496  87.0 0.0%
379974769 503395581717659648  199.0 95.9798994975%
186952723 503846549542035456  200.0 96.5%
1672044336 499924096843386880  192.0 82.2916666667%
1628768034 1  0.0 0.0%
1343987742 370862258840424448  115.0 87.8260869565%
179060369 503987811310403585  196.0 0.0%
544924545 1  0.0 0.0%
76070341 503519296195420160  200.0 0.0%
1226714658 504246489338507264  198.0 99.4949494949%
88975905 504167603984535552  200.0 0.0%
188557224 435740689067155456  63.0 0.0%
616549233 1  0.0 0.0%
23842003 503005768715866113  199.0 0.0%
86338760 5562337628  4.0 75.0%
23768245 504265239605821440  200.0 0.0%
1280112390 429920780974321664  82.0 100.0%
847022348 494358685099913216  200.0 94.0%
375943519 504262673463533569  199.0 72.864321608%
19080735 502957844757770240  200.0 0.0%
2323518636 503252040437358592  200.0 55.0%
615560681 478687954475286528  196.0 98.4693877551%
453232643 504147933080453121  200.0 97.0%
364226279 497047342093455360  200.0 42.0%
608930078 504262817805910016  200.0 79.0%
883164738 394579322998378497  181.0 97.7900552486%
41340140 503902552019062784  197.0 97.461928934%
371895126 504028294593777664  200.0 100.0%
145230982 504170066313633794  199.0 90.4522613065%
322498006 492986656744808448  200.0 94.5%
2510730312 1  0.0 0.0%
298747207 495029980439404544  198.0 100.0%
838464523 504254828097568769  200.0 0.0%
165590529 504082698089299968  200.0 39.0%
252397820 504094771712110595  200.0 92.5%
2475710794 491911549267611649  153.0 99.3464052288%
314678674 489257464320098304  198.0 0.0%
631594484 503355374288637952  186.0 98.3870967742%
412638571 504210017843949568  200.0 99.5%
83691143 499605685684797441  200.0 91.5%
9312202 487039566730113025  200.0 0.0%
223043058 503141876015169536  188.0 97.3404255319%
166553935 397852613850697728  136.0 69.1176470588%
245774633 484531542291914752  125.0 0.0%
396760119 463801396001652736  200.0 5.5%
156712752 504252572795142144  200.0 0.0%
1025098662 503718128879017984  193.0 93.7823834197%
22110526 423196093749678080  200.0 19.5%
295504747 504225456179408897  200.0 81.0%
481468895 504164488879161344  192.0 94.7916666667%
196426934 498229643334656000  200.0 0.0%
49753884 504255802866429953  198.0 0.0%
1257974880 504266603899658241  200.0 100.0%
1430745884 405457125368807426  59.0 0.0%
24318255 482634040009576448  31.0 0.0%
764865626 504195610090536960  200.0 100.0%
900473406 504018774878453760  200.0 95.5%
261076067 176217825671778304  56.0 58.9285714286%
15514621 503905585344307201  200.0 0.0%
2199755460 504206507320156160  194.0 96.9072164948%
360434586 504058874819665921  200.0 0.0%
2235911180 431478785247313920  81.0 0.0%
15957316 504243585928015872  200.0 0.0%
250433132 504052035067445248  199.0 92.9648241206%
301594808 457610948984176640  193.0 81.8652849741%
40561655 503846545373278209  198.0 96.9696969697%
322616995 473072903722778625  187.0 99.4652406417%
555570489 503206841950941184  195.0 0.0%
421920990 503964719435108352  198.0 99.4949494949%
249233913 504248998631186432  199.0 100.0%
453614729 444977933635960832  60.0 0.0%
1880278315 448298381450829824  199.0 100.0%
252019408 504026633355792385  196.0 88.2653061224%
35434819 504268159503708160  200.0 97.5%
1615634473 1  0.0 0.0%
251330993 1  0.0 0.0%
254102090 503352590802120704  200.0 67.5%
261685447 489376118575595520  198.0 41.4141414141%
299745912 427246717319118849  4.0 0.0%
153053952 503516074030407680  199.0 0.0%
251574434 504267992528474112  200.0 100.0%
37910288 504262851620765698  200.0 0.0%
516514396 503587561798123520  200.0 0.0%
231679398 475612813034270720  29.0 48.275862069%
15638615 504265820986703872  200.0 0.0%
2349454077 504133648187015169  200.0 93.5%
53497437 492013337324957696  44.0 9.09090909091%
14472126 502722749996224512  199.0 0.0%
325745631 503987764136644608  193.0 96.3730569948%
547178196 504265982152810496  200.0 95.0%
114449786 495909761100283904  200.0 0.0%
6763252 502412866566488064  197.0 1.52284263959%
271426327 504242326743441410  193.0 74.6113989637%
16530689 496353645395709953  200.0 0.0%
116256864 490585164637298688  48.0 0.0%
164446649 481372511460802560  33.0 57.5757575758%
397379059 504268450882412544  200.0 91.0%
6806472 14904109435  100.0 0.0%
432726429 329204043484368896  12.0 75.0%
339827457 170910711353049088  195.0 99.4871794872%
1694423179 504264413935697921  200.0 38.5%
263790092 504240554717085696  200.0 99.0%
2169052592 503176977160105984  198.0 91.9191919192%
1613804336 492618016912179200  200.0 99.0%
99361115 504253245125328896  200.0 0.0%
110959552 346405947368947712  171.0 69.5906432749%
14106476 504268718268899328  200.0 0.0%
45186617 504123676892344320  200.0 0.0%
434980750 503000045277306880  197.0 98.4771573604%
149125280 501367884199624704  192.0 89.0625%
386467302 504149069158449153  200.0 84.5%
380392968 504263172854149121  196.0 0.0%
1183405400 504120403329966080  198.0 94.9494949495%
212506525 350885349603553280  200.0 0.0%
301845987 500233806159171584  197.0 96.9543147208%
252907131 503828012262244352  200.0 74.5%
1123509086 504260034251853824  200.0 98.5%
1029480878 490637263412289536  7.0 42.8571428571%
282254301 503549394671902720  190.0 85.2631578947%
37423532 504256740813467648  200.0 0.0%
506332245 246058470393131008  30.0 100.0%
1441224050 504086428620713984  200.0 100.0%
541738211 504214760645087232  199.0 0.0%
231076293 504048740567502848  198.0 96.9696969697%
309479682 503854074660265985  197.0 98.4771573604%
560602102 313331428878323712  77.0 0.0%
765845 504268806257410048  200.0 0.0%
45679525 500435462709080064  199.0 0.0%
239748588 213190590052057088  200.0 100.0%
260971607 500291791807995905  200.0 78.0%
16150527 504264296222973952  200.0 0.0%
220179709 504269359024705536  200.0 95.5%
541048770 504165787242733568  182.0 95.0549450549%
322862657 1  0.0 0.0%
481917536 504268802037522433  200.0 98.5%
492897792 502763328436195329  199.0 0.0%
177524648 504221201544540161  199.0 0.0%
133861674 488133261722275840  118.0 75.4237288136%
270682605 504239557576232960  200.0 95.0%
228772215 503234614010183680  199.0 67.3366834171%
2434137810 468683822892982272  5.0 100.0%
146069752 503494524715274240  200.0 20.5%
23857034 503679057167671297  200.0 0.0%
726867914 503931115565236226  200.0 0.0%
104779952 361174548525232128  195.0 0.0%
369163932 503626110958309378  198.0 99.4949494949%
252436315 500796430240329730  186.0 64.5161290323%
2274838077 500563625979830275  55.0 94.5454545455%
160538562 504255799150268416  198.0 0.0%
241243875 499995441275363328  200.0 14.0%
334057544 504205356071784448  200.0 96.5%
240581053 503963333683585025  200.0 0.0%
807607038 503982706636890112  200.0 0.0%
2470237559 459749355147493378  1.0 0.0%
1891065894 468375424360148992  3.0 100.0%
41412719 499067797171732480  197.0 49.7461928934%
194586299 498124768990609409  200.0 0.5%
900592550 504219904052973568  200.0 95.5%
15727829 148266987561287680  200.0 0.0%
262633489 315387644366434304  198.0 6.06060606061%
180041924 444326474292944896  200.0 99.0%
286672967 504258010227564545  200.0 85.0%
2450267287 491276285906546689  189.0 75.1322751323%
85116056 502512347554926592  53.0 0.0%
276650437 503609902959718401  159.0 0.0%
267055794 502200439442386945  199.0 91.4572864322%
416908123 497369073009704960  158.0 91.1392405063%
559862712 504228531166273536  200.0 0.0%
384582457 490521324729929729  14.0 0.0%
2596026272 503735056330788864  192.0 97.9166666667%
250588791 503663399150960640  200.0 85.0%
104291690 45247106922975232  67.0 0.0%
124231374 502850820925587456  200.0 0.0%
1525068764 504185561641275392  200.0 88.5%
3604561 503089666812170240  200.0 0.0%
250992448 504014806308098048  198.0 88.8888888889%
38727294 504029884692582401  198.0 0.0%
279255667 503921589298425856  196.0 79.5918367347%
121973471 503840561502355456  199.0 0.0%
63953764 504259006001446913  200.0 93.5%
179056368 494407102144581632  66.0 4.54545454545%
12208342 503842591251894272  199.0 0.0%
18196927 481817472879050752  198.0 0.0%
2404757002 503909296355426304  33.0 93.9393939394%
243439460 484605306094096384  200.0 0.0%
344121584 502895458256031745  199.0 79.8994974874%
280203316 492484765946511360  200.0 81.0%
101828004 495386085728722944  199.0 18.5929648241%
619555742 504241561949835264  189.0 95.7671957672%
15655268 11917803759  38.0 0.0%
270633900 112949782414233600  200.0 72.0%
38543346 503994045585440771  200.0 0.0%
195197911 504219765888405504  200.0 17.0%
294044740 504263799525097472  200.0 0.0%
769731781 368151010310512640  190.0 100.0%
320737177 502883741136867328  198.0 0.0%
30514907 504236896424579072  198.0 0.0%
73639496 504226920322830336  200.0 0.0%
54861622 504236205631090688  200.0 99.5%
791670 500688740818632704  198.0 0.0%
601805823 504143415903526912  200.0 91.5%
791675 504251981419261952  200.0 0.0%
232265640 502963904234803200  200.0 99.0%
1654205912 503671144122028032  200.0 98.0%
440160095 504191738076860416  200.0 95.0%
308944724 495712373358215168  200.0 0.0%
1358403662 504220408665493505  190.0 92.6315789474%
18234994 277834588242456576  9.0 77.7777777778%
29703353 485171942958575616  194.0 0.0%
2515102958 494481316667064320  20.0 100.0%
495245672 504004965975617536  194.0 93.8144329897%
214837752 503936355815018496  200.0 90.0%
506725287 473134184232284160  200.0 100.0%
127678725 503982289387528192  199.0 94.9748743719%
432409553 499267971785584640  197.0 97.461928934%
618024947 504031595335270401  195.0 2.05128205128%
130436569 356211111709777924  26.0 0.0%
224151534 498847978585456640  192.0 87.5%
1558417086 501722173111689221  61.0 96.7213114754%
106851305 504242138566385664  48.0 0.0%
155189544 501804202436603906  200.0 1.5%
569465772 504230598765207552  198.0 9.59595959596%
1660607562 504029205542477825  200.0 0.0%
720691413 1  0.0 0.0%
251155604 504246138208538624  199.0 53.2663316583%
81344945 503969518730092544  197.0 86.8020304569%
156065486 1  0.0 0.0%
166101602 504207200990941184  198.0 97.4747474747%
51203387 504240741976387584  199.0 0.0%
2317806559 503552138086461440  145.0 0.0%
127227048 457238991717142528  200.0 0.0%
940487696 491091591835045890  198.0 69.696969697%
431604007 461474217708748800  198.0 97.4747474747%
272518817 504270586877456384  200.0 100.0%
571176179 504270534239354880  200.0 100.0%
787824018 373709914151325696  198.0 99.4949494949%
280165457 503984565971869696  198.0 92.9292929293%
363207055 501959771910443010  199.0 92.4623115578%
17226373 504206905309683712  199.0 0.0%
235331767 504028627176935424  200.0 99.0%
508977680 503764583408865280  186.0 97.311827957%
396238794 504249087433392128  200.0 0.0%
285497319 492052214462959616  196.0 94.387755102%
598952898 474456768769036288  200.0 0.0%
246470859 498410959690412032  198.0 96.4646464646%
216000373 425943144405159936  191.0 86.9109947644%
1277507300 436985153836314624  197.0 68.0203045685%
1060550322 303197506546839552  160.0 88.125%
360200861 307830131144134656  200.0 99.5%
2287073005 425202611604959233  17.0 11.7647058824%
1073845212 504217460648583168  200.0 97.5%
281646094 504266775505010688  200.0 91.5%
8475532 504233827581964289  200.0 0.0%
146137481 504189898459709440  200.0 0.0%
18550687 501362865958162432  200.0 0.0%
23250402 504203863314800641  196.0 0.0%
71839994 503649505171210240  200.0 0.0%
29247465 497645567531843584  197.0 0.0%
103324193 475170423014195200  200.0 43.5%
232410350 504216947618111488  197.0 73.6040609137%
371129379 504196972324999171  200.0 90.5%
27234627 504202839720071168  200.0 2.0%
1075966652 309920748221374465  14.0 35.7142857143%
150402861 497880425176793088  199.0 68.3417085427%
1610994283 494323706911408130  6.0 83.3333333333%
180873048 1  0.0 0.0%
830781097 419538074834845697  83.0 68.6746987952%
879521 504079191651151872  200.0 0.0%
270443316 369889668625879040  2.0 50.0%
286131169 504013165718286337  199.0 100.0%
250596705 504065301856538624  198.0 65.6565656566%
298970739 456758421182611456  1.0 0.0%
216992297 504019536048181249  198.0 96.4646464646%
2292500606 423400779345428480  1.0 0.0%
60023029 444585741503705089  5.0 0.0%
334716272 503601048607391744  199.0 0.0%
254606562 504145818002010112  196.0 97.4489795918%
702033773 386503103107072000  1.0 0.0%
18897578 504221486219927552  200.0 0.0%
40116210 497881339216293889  28.0 0.0%
243625887 504246011574091776  197.0 85.7868020305%
737922972 503764272405438464  197.0 91.8781725888%
743429288 486238400580562945  163.0 95.0920245399%
108793886 334346344951078912  65.0 76.9230769231%
247914017 504194377842163712  126.0 82.5396825397%
600416595 504232844109955072  200.0 82.5%
344309631 503616326468771840  200.0 13.0%
264866101 499929043563577345  200.0 0.0%
117652722 504100330158571521  200.0 0.0%
2497028939 1  0.0 0.0%
2327653931 431445926977495040  11.0 18.1818181818%
261173236 504227390109671426  69.0 100.0%
356406477 504234534804525056  196.0 86.7346938776%
318952065 503174647249399808  189.0 0.0%
327701233 495179377869484032  188.0 98.9361702128%
344202221 478562989025402880  51.0 11.7647058824%
457267932 493423449155465216  199.0 94.472361809%
769938252 446227179865915392  76.0 7.89473684211%
22016285 503911735217373184  199.0 0.0%
455141518 403562879795740672  197.0 0.0%
169102469 500043593210671104  171.0 0.0%
2474789146 1  0.0 0.0%
1527259897 504080846471835648  198.0 92.9292929293%
96584868 499957071027007489  186.0 0.0%
396806576 186548454623936513  200.0 84.0%
467639543 503865988019154944  197.0 97.9695431472%
363292016 504209727182864385  197.0 96.9543147208%
554243784 344568490021253120  200.0 100.0%
760755355 504157739527180290  200.0 0.0%
474823026 499516867690909696  194.0 94.3298969072%
322926956 498201394034515968  200.0 86.5%
231746739 503231894096732161  197.0 80.2030456853%
1640602818 446358646914813952  46.0 39.1304347826%
2597303274 504273711529484288  128.0 69.53125%
387702289 504249078897995776  200.0 76.5%
504960572 495697674897588224  196.0 94.387755102%
58310304 482954470158901249  195.0 84.1025641026%
2570665710 504247023730958337  199.0 0.0%
916239516 503541027060187136  193.0 97.9274611399%
1112945563 466218285311479809  200.0 14.0%
1659403898 504252221597700096  200.0 0.0%
15177871 504183259891126273  200.0 0.0%
236897446 502206233596547072  200.0 99.5%
21368128 491866123818659840  199.0 0.0%
454644975 367701063304224768  20.0 90.0%
781357687 500494672037687296  198.0 0.0%
252745442 504266766663819264  200.0 34.0%
232870327 130213977639759872  41.0 92.6829268293%
602767667 503946384329170944  197.0 100.0%
414571741 281343535272325120  200.0 100.0%
15676492 504271587126689793  200.0 0.0%
24016767 504271008036302850  200.0 0.0%
43356669 504186926325198848  200.0 0.0%
249297838 460573768344416257  191.0 97.3821989529%
2290731432 503959252298661888  200.0 0.0%
18460294 503848887845916672  200.0 42.5%
257976974 504249826284797952  200.0 93.0%
483960306 503327600727453696  200.0 82.5%
286134310 497142240007815168  189.0 96.2962962963%
256499057 504270712144932864  200.0 0.0%
256499054 503935760320299008  185.0 93.5135135135%
362995921 497925460605411328  194.0 97.4226804124%
182313997 263335606476763137  20.0 0.0%
55532256 502275402208145408  198.0 20.202020202%
146143633 493509649434296320  197.0 99.4923857868%
708940911 437844159823872000  5.0 80.0%
112405785 503480543527190528  200.0 0.0%
29539477 504229354810130433  200.0 0.0%
295838838 504031390988394496  200.0 96.0%
77880520 503987801692835840  200.0 48.0%
1566901596 504273925455753216  200.0 98.5%
261787276 503634672682012672  198.0 36.8686868687%
1382450976 437589036103110657  200.0 100.0%
74316064 503289678691201024  191.0 14.6596858639%
1901555724 504229097292042240  199.0 36.6834170854%
76889928 503989572020498432  200.0 0.0%
24781427 365445014907654144  200.0 0.0%
434355381 498613571404980224  200.0 99.0%
18198630 497798101202391040  200.0 0.0%
10392752 498861281760530432  200.0 0.0%
1224730740 502711250971684864  199.0 98.9949748744%
702722784 393760771978850304  188.0 82.9787234043%
547149705 504256817409445888  200.0 0.0%
41433027 498062520075436032  199.0 19.5979899497%
240694705 504273068127449088  200.0 0.0%
338910451 503836485448368128  200.0 0.0%
260092106 431359615843184640  195.0 0.512820512821%
291699113 504103408970645504  200.0 93.0%
578525274 504233584173920256  200.0 99.5%
128871160 457992199523672065  198.0 0.0%
478624576 499624572245651456  200.0 85.5%
1101541062 498010154487390208  200.0 0.0%
337297391 503815456000471042  200.0 76.0%
18855629 504263625612476417  200.0 0.0%
370145865 461294574082998272  197.0 81.2182741117%
36202987 502250392021782528  200.0 0.0%
625636672 493837487585107968  200.0 0.0%
759996721 504256378148360192  200.0 95.5%
217894015 53533557934665728  177.0 22.5988700565%
618736569 504249105246593024  199.0 0.0%
325053402 1  0.0 0.0%
533173920 500800759764893698  200.0 100.0%
529615193 504262043256381440  200.0 100.0%
903462342 371684479544619008  6.0 100.0%
210402728 490091686920728576  198.0 86.8686868687%
313770908 504172104208498688  199.0 96.4824120603%
48956056 502197564377419777  197.0 0.0%
427543747 503359735660175360  184.0 96.1956521739%
1236310424 504195071743631361  200.0 0.5%
439526144 485442127069855744  157.0 98.7261146497%
264439420 496935566273806337  197.0 99.4923857868%
1020804158 286205879529922560  5.0 100.0%
47095865 504054144551120896  200.0 0.0%
260989246 504033266395910144  196.0 98.4693877551%
874120848 357439771569696769  47.0 95.7446808511%
460673048 156906795951071232  34.0 0.0%
16868859 489380793966661632  199.0 0.0%
456409253 277409602444857344  197.0 90.3553299492%
156508697 332909709793308673  200.0 0.0%
21758412 504225296682205184  191.0 0.0%
1452578245 1  0.0 0.0%
25150861 504250354356457472  200.0 0.0%
332524707 504114876248489986  196.0 0.0%
390868371 504122701322387457  199.0 99.4974874372%
25161596 504265781426024448  200.0 0.0%
899479633 487756362756395008  6.0 0.0%
1206041124 382419662115336192  189.0 98.9417989418%
418139413 504163271641792512  200.0 69.0%
2228153638 461848364880252928  3.0 100.0%
147796195 213648136210624513  200.0 0.0%
219603225 295931773689421825  198.0 100.0%
297066125 504227383453708288  200.0 94.0%
42968794 504118684936196097  200.0 0.0%
930372758 504276209434640384  200.0 99.5%
12146222 502115897218060291  199.0 89.9497487437%
365697561 501402693563187201  200.0 99.0%
480644746 504004995965284352  193.0 98.4455958549%
526650079 503977655473938432  192.0 0.0%
147315787 1  0.0 0.0%
502948380 504270758034427904  198.0 93.9393939394%
910755049 504207207739965441  200.0 0.0%
250601425 469100120638640128  194.0 97.9381443299%
562329205 370101982242938880  198.0 0.0%
303995559 503901198802358272  73.0 76.7123287671%
308701212 504149113672183809  200.0 96.0%
491190146 504266213703180288  200.0 98.5%
292284090 223769075040526336  2.0 100.0%
352755945 503612027839860736  199.0 73.8693467337%
602536846 459241967931904000  37.0 0.0%
2515659574 501216858641428480  70.0 97.1428571429%
151843665 479647987124420608  190.0 1.05263157895%
194129729 503368277901721601  199.0 0.0%
765299172 498550302967332864  107.0 0.0%
772113349 261816041766785026  22.0 4.54545454545%
1298392717 337087731475808256  7.0 100.0%
1683842886 503771582171340801  200.0 100.0%
497091509 504034080821088256  200.0 100.0%
127804624 502435640458625024  194.0 0.0%
306202548 504227015025643520  198.0 85.8585858586%
1712672276 493813920633991168  84.0 0.0%
2233062484 503795273789743104  87.0 96.5517241379%
246918819 489129648929128448  78.0 66.6666666667%
204087624 28447180731  3.0 100.0%
1391669731 503947761759576064  200.0 0.0%
176277785 503807980286918657  198.0 90.404040404%
15968752 502872037996515330  200.0 0.0%
229760940 402870062517714945  200.0 0.0%
37946832 131944571323154432  200.0 0.0%
10010982 434429702871465984  199.0 0.0%
1717811515 484610288839180288  16.0 100.0%
261855788 501824316070055936  200.0 97.5%
46076872 87892655266205698  200.0 0.0%
26243002 503940041253875713  200.0 0.0%
548191717 503457020650192896  200.0 76.0%
91811751 494658911157235713  195.0 0.0%
307033342 503606805407084544  200.0 100.0%
541431521 504223145323012096  200.0 98.0%
335604110 503349938118352896  198.0 21.2121212121%
235095604 499159371482693632  196.0 98.4693877551%
388221441 496593820289863680  200.0 64.0%
114909490 504248442651414528  199.0 66.3316582915%
2611660837 498459810027683841  199.0 85.9296482412%
1613867496 490287393434796032  198.0 90.9090909091%
1140819217 503912038842638337  193.0 99.481865285%
243445936 486469353274363904  198.0 95.4545454545%
207218113 504018622625628160  199.0 0.0%
346967502 411724451714461697  194.0 97.9381443299%
263794950 504254069142073344  198.0 94.4444444444%
231442256 457814035317391361  193.0 93.7823834197%
294279491 502771287677472768  193.0 0.0%
36130387 107127800699420672  33.0 18.1818181818%
130142668 353642557500174336  130.0 93.0769230769%
625962407 504270296216379394  196.0 95.9183673469%
18598601 504252720707301376  200.0 0.0%
381309954 504250111225257984  198.0 0.0%
235740047 241137072939880449  194.0 96.3917525773%
2620497367 503707866612506624  124.0 98.3870967742%
1109418924 466941159118360576  180.0 98.8888888889%
238307155 504255734402805760  198.0 0.0%
107969674 503270383689015296  191.0 92.6701570681%
86369703 504254501604581376  200.0 0.0%
727658131 455038284729974784  178.0 91.5730337079%
547845401 504063332546904064  186.0 76.8817204301%
306701188 116232722191613952  33.0 100.0%
77427860 502411526276648960  200.0 0.0%
2343976891 504170796492029952  200.0 100.0%
107289311 501707126092623872  198.0 0.0%
22496015 1656837130  85.0 100.0%
18089913 502121237414694913  200.0 0.0%
139966931 503873969569939456  199.0 0.0%
138410657 501591317432893441  200.0 0.0%
1937295830 504248219170525184  200.0 77.0%
289540473 502819418628718592  197.0 95.4314720812%
220154039 504022975327518720  198.0 0.0%
851659010 438564178656108544  181.0 94.4751381215%
399140288 503602772655505408  199.0 96.9849246231%
36947388 504066385824063489  198.0 0.0%
87861528 459187628156284928  98.0 0.0%
154229905 504270950792450048  200.0 0.0%
106538797 503494980753567744  200.0 0.0%
229205402 504234618346672129  200.0 98.0%
1042270634 499668283839107073  76.0 96.0526315789%
2298213808 504242264831324160  197.0 84.7715736041%
387645705 481685293360480256  198.0 0.0%
314153078 493793950121996291  199.0 100.0%
439500234 503449928387948545  200.0 99.5%
407890345 504252768895266816  200.0 96.5%
1550211360 504211077706428416  200.0 63.0%
108389865 504254995097591808  198.0 74.7474747475%
338574743 504256804139048961  200.0 99.5%
253473382 502772574825500672  200.0 99.0%
1910500598 504219393799516160  71.0 19.7183098592%
244720289 503884472584896512  200.0 83.5%
332494499 504273142164905984  196.0 98.4693877551%
51804322 501743793620516864  200.0 0.0%
1151306996 327733528387272705  154.0 100.0%
381759808 504205041583263744  200.0 0.0%
1644880609 503777838336450560  199.0 94.9748743719%
299334044 430438246141538304  186.0 98.3870967742%
248800148 503846716605755392  197.0 70.5583756345%
865114700 503537418088103939  199.0 90.4522613065%
502900767 504047625533136897  200.0 0.0%
586962694 422631783549501440  11.0 18.1818181818%
275532443 503810907240427520  200.0 0.0%
378977056 498642157671317504  199.0 0.0%
517343885 499486947564584961  194.0 95.3608247423%
344126770 504250712214089729  200.0 99.5%
388392500 504237691035451392  200.0 0.0%
551840933 495672806063874048  180.0 95.0%
295130905 1  0.0 0.0%
6798942 504227583438110720  198.0 0.0%
1178827452 503970002727206913  197.0 61.9289340102%
17128715 504277612009893888  198.0 0.0%
419451355 503965459243229184  200.0 1.0%
1033001910 503925790786871296  193.0 100.0%
497812374 496299887282356226  200.0 0.0%
1303334695 365056400017211392  13.0 0.0%
93979001 21010565365  15.0 0.0%
505109220 504041678194212864  195.0 97.9487179487%
202350412 492966597829484544  196.0 92.3469387755%
373868146 504272345159454720  200.0 0.0%
49928961 496204771741949952  198.0 99.4949494949%
849837024 503968563418640384  198.0 98.4848484848%
326066928 482811544951332865  200.0 91.5%
298622402 347345041062236160  163.0 0.613496932515%
24517423 442067778091372544  199.0 0.0%
54752269 503288078258425856  200.0 0.0%
111021228 8590659653  1.0 0.0%
1087259576 332554479348105216  139.0 95.6834532374%
238342071 503978947064127488  198.0 94.4444444444%
49993988 504241860723085313  200.0 0.0%
490817851 503922295107485696  199.0 0.0%
75380641 76660478759284736  70.0 100.0%
389154479 393507962552987649  49.0 69.387755102%
52063867 315467342559731712  103.0 0.0%
28320516 500149650780082176  200.0 77.0%
604910282 315948356721573889  143.0 99.3006993007%
481357199 501749922157195265  193.0 90.6735751295%
1604210076 359401261046575104  22.0 95.4545454545%
1270325150 446004739160170496  167.0 49.1017964072%
256601327 500667268406059009  199.0 93.9698492462%
17059857 467392973064241152  200.0 0.0%
139809966 504263339607076864  200.0 0.0%
236520690 504233628117630976  198.0 92.4242424242%
27051169 484202752780677120  16.0 0.0%
93293128 504215941371396096  200.0 91.5%
2386398085 504175029807218691  198.0 97.4747474747%
297397615 504081961489408000  200.0 92.0%
1098967243 479735776767655936  122.0 99.1803278689%
103572210 501778337497612288  200.0 0.0%
238251483 503633990926860289  197.0 67.0050761421%
282110149 503948154048237568  199.0 88.9447236181%
280498049 420968073236336640  200.0 0.0%
242394800 409767648046874624  195.0 95.3846153846%
489840356 476829649469988865  177.0 60.4519774011%
170083441 368715120601358336  191.0 0.0%
246702619 46294713615134720  59.0 100.0%
1691053394 380744682352803841  9.0 88.8888888889%
247548071 493463572890914817  54.0 92.5925925926%
15441941 402205989199286273  200.0 0.0%
1312608889 462548498768855040  69.0 95.652173913%
242235385 504277776229081088  200.0 24.0%
369542258 502844014652313601  200.0 0.0%
50537778 499232655125131264  197.0 81.2182741117%
437416442 504241532648423424  200.0 99.0%
200883996 502827400577568769  197.0 88.3248730964%
67285646 504197245965582337  195.0 82.0512820513%
68963045 474115438021197824  26.0 0.0%
1974269262 504268808563875840  199.0 97.4874371859%
419910311 139492743398424576  18.0 100.0%
243536530 502324863835856897  198.0 40.404040404%
156041500 20180199656132608  9.0 0.0%
37075882 504242265754464256  200.0 16.0%
2148783935 392738082958884865  16.0 100.0%
1335265141 336471974551359488  4.0 25.0%
277590793 155458277604474880  80.0 0.0%
201437512 502915857060618241  198.0 98.9898989899%
389084984 347701151300464641  191.0 99.4764397906%
113073257 503971042894041088  200.0 0.0%
460302787 502995714478456832  200.0 0.0%
1296690446 1  0.0 0.0%
151624680 503129269007310848  198.0 10.101010101%
269936681 433567812729466880  6.0 66.6666666667%
183582343 504157741179351040  199.0 2.51256281407%
451738345 297645461681106944  200.0 97.0%
277907762 129331630249750528  63.0 0.0%
386274372 503392454280622080  183.0 98.3606557377%
211172111 184287314086862851  71.0 0.0%
75912185 501379889703178240  200.0 0.0%
197137946 477455706673537024  200.0 4.0%
496211567 504122761036324864  197.0 98.4771573604%
311935925 504252448400084993  200.0 82.5%
369970674 503639340363165696  200.0 99.0%
39740716 504269954204831745  198.0 0.0%
415686362 504168680544931841  200.0 93.5%
586974026 501280971472113664  193.0 96.3730569948%
216234837 504267037716144128  198.0 88.8888888889%
17714058 504148913842954241  192.0 0.0%
263281768 503962598111313920  197.0 92.8934010152%
324458798 502714995625701376  200.0 0.0%
305428774 502826334784323585  189.0 58.2010582011%
67418588 104383514614579200  200.0 0.0%
311747204 79108499254157313  5.0 40.0%
340713501 504270879820226560  200.0 100.0%
414778904 244529852185722880  196.0 98.9795918367%
270533441 504270694533062656  200.0 0.0%
620983589 475372834869366784  200.0 91.0%
232694478 504252448215535616  200.0 100.0%
1307641518 504266567329120257  200.0 98.5%
15480029 504253386620166144  200.0 3.0%
429958665 503857468175163393  192.0 92.1875%
15996534 502130462689882113  200.0 0.0%
164845047 503920582363467776  198.0 0.0%
279225775 504232788573188096  200.0 95.5%
70699860 454373608702238720  198.0 0.0%
160492856 496938015839621122  200.0 97.0%
237202171 504175413586046977  200.0 0.0%
922799118 503414698155331586  55.0 0.0%
416845712 503483656670031872  199.0 93.4673366834%
2546129061 504169237552697344  200.0 99.0%
106659661 318480708916084736  42.0 11.9047619048%
982352462 441939055887253504  200.0 99.5%
171242254 503965933920993280  196.0 90.8163265306%
148496087 504280064411054080  200.0 0.0%
533559626 431880677189885952  200.0 0.0%
40615029 503176989469974528  199.0 0.0%
437248207 501448046140325889  200.0 4.5%
533559628 1  0.0 0.0%
255441010 504220724949577729  200.0 99.0%
17754777 502708141835177984  196.0 76.0204081633%
819376358 504157170267480064  200.0 0.0%
133700508 504211690104578048  197.0 85.2791878173%
2511299404 460187422811496449  1.0 0.0%
1488406926 504112487915343872  200.0 77.5%
1082985402 503628837188419584  196.0 16.3265306122%
99706523 494065339668635648  175.0 0.0%
1168940930 307971784169377792  44.0 100.0%
1877211181 473900152915496960  10.0 20.0%
1123078891 396061618762952705  22.0 0.0%
23631835 504213837021974528  200.0 0.0%
328649538 504278698632019968  200.0 99.5%
320300536 502157753457311745  199.0 0.0%
1321051818 490272296305950722  194.0 0.515463917526%
265116943 501481470599237632  33.0 96.9696969697%
83530754 504042566199685120  199.0 85.4271356784%
316677271 477501810328891393  197.0 98.4771573604%
542842028 498680271609159680  188.0 100.0%
968296440 503391180864761858  194.0 97.9381443299%
569442494 414664818843738112  180.0 0.0%
2442486487 455437415688450048  1.0 100.0%
269815051 498751741890813953  200.0 99.0%
71636969 499305018608988160  199.0 0.0%
378858138 504186436019847168  199.0 71.8592964824%
425414316 504278345396150272  200.0 93.5%
262168499 295900978484477952  200.0 49.0%
1338633998 459741130536804352  200.0 0.0%
424128542 504187465712664576  200.0 99.0%
123789371 471618074651549697  200.0 62.5%
275011151 504268242484203520  200.0 0.0%
16183234 498423573938073600  200.0 0.0%
90813266 504241733463314433  200.0 42.0%
2526360997 504191535026831360  29.0 0.0%
2468989625 504141548812894208  200.0 98.5%
485707512 504205479808356352  182.0 93.4065934066%
83215312 482229975383564288  199.0 0.0%
480620940 504223285303721986  199.0 97.4874371859%
765364568 504256112619974656  198.0 0.0%
1606399206 504229291589394432  199.0 0.0%
1565203879 475243443430490112  15.0 100.0%
16044765 496881968962101248  199.0 0.0%
448913279 475543513254207489  111.0 0.0%
58413378 502650793385021441  199.0 0.0%
46715437 504093222730493952  200.0 0.0%
216666410 503554908562669568  199.0 0.0%
406974159 503342802290237440  199.0 94.9748743719%
519579623 496048327214243840  34.0 97.0588235294%
578708102 398939275087335424  190.0 100.0%
781117032 504226666693275648  197.0 0.0%
246151278 486198892384382976  198.0 89.898989899%
479932751 198558043615657988  199.0 99.4974874372%
393606598 504256962431692801  200.0 98.5%
708131170 1  0.0 0.0%
709548833 389520539020038144  1.0 0.0%
948635953 503988936784371712  156.0 0.0%
29679737 504167005369667584  200.0 0.0%
393606595 503765665397104641  194.0 97.4226804124%
560706793 384793850554105856  196.0 97.4489795918%
30100884 504102539940208641  200.0 0.0%
386689572 240740059136028672  199.0 98.4924623116%
1152798948 367350104253931521  194.0 0.0%
197686082 504261336122281984  200.0 59.0%
1183713740 499336211161694209  155.0 83.2258064516%
369165400 503992565952425984  200.0 0.0%
99526665 504271724314361856  200.0 89.5%
42655291 504278383216189440  200.0 0.0%
254776111 503898819135033344  200.0 51.0%
2226650069 504246074987786240  200.0 100.0%
585559237 503788477268656128  200.0 60.0%
225044328 367574344894922752  200.0 97.5%
874368012 504282535560372224  199.0 0.0%
247809064 1  0.0 0.0%
150322689 459779646784299010  64.0 0.0%
873997231 504065642559836160  192.0 96.875%
253404745 504278098461093888  200.0 0.0%
235866122 481727658536214529  200.0 68.5%
1141493096 504215792359989248  200.0 92.5%
479462389 493614738954153984  197.0 97.9695431472%
24036447 502138121174401025  200.0 0.0%
25269697 503957454934511616  199.0 0.0%
22868775 6186504317  22.0 0.0%
1289964152 504276983371816960  200.0 22.5%
573288171 492466416134533120  37.0 0.0%
1142872530 501863480476315648  195.0 88.2051282051%
266016644 504238388263026688  200.0 0.0%
917936298 503678459311566848  198.0 97.9797979798%
83892816 503169262996168704  200.0 0.0%
1307120064 504256990571274240  200.0 0.0%
399385535 478467475055472640  198.0 39.3939393939%
34597695 424516090417258496  127.0 1.57480314961%
175850867 484120963752009728  200.0 54.0%
21405034 504278189091598336  200.0 0.0%
334300075 483489120031756288  173.0 94.7976878613%
254811194 501937340223193088  194.0 97.4226804124%
2469877218 463083503031422976  48.0 95.8333333333%
389570864 372254330336071680  173.0 99.4219653179